0
{0,0,0,0,0,0,0,0,0,0,0,0,0,0,0,0,0,0,0,0,0,0,0,0,0,0,0,0,0,0,0,0,0,0,0,0,0,0,0,0,0,0,0,0,0,0,0,0,0,0,0,0,0,0,0,0,0,0,0,0,0,0,0,0,0,0,0,0,0,0,0,0,0,0,0,0,0,0,0,0,0,0,0,0,0,0,0,0,0,0,0,0,0,0,0,0,0,0,0,0,0,0,0,0,0,0,0,0,0,0,0,0,0,0,0,0,0,0,0,0,0,0,0,0,0,0,0,0,0,0,0,0,0,0,0,0,0,0,0,0,0,0,0,0,0,0,0,0,0,0,0,0}

2.5
{9.94468e-10,9.94426e-10,9.94495e-10,9.94703e-10,9.95048e-10,9.95532e-10,9.96155e-10,9.96915e-10,9.97814e-10,9.98852e-10,1.00003e-09,1.00134e-09,1.0028e-09,1.00439e-09,1.00613e-09,1.008e-09,1.01001e-09,1.01216e-09,1.01446e-09,1.01689e-09,1.01947e-09,1.02218e-09,1.02504e-09,1.02804e-09,1.03118e-09,1.03446e-09,1.03789e-09,1.04146e-09,1.04517e-09,1.04903e-09,1.05304e-09,1.05718e-09,1.06148e-09,1.06592e-09,1.0705e-09,1.07524e-09,1.08012e-09,1.08515e-09,1.09033e-09,1.09566e-09,1.10114e-09,1.10677e-09,1.11255e-09,1.11848e-09,1.12457e-09,1.13081e-09,1.1372e-09,1.14375e-09,1.15046e-09,1.15732e-09,1.16434e-09,1.17151e-09,1.17885e-09,1.18635e-09,1.19401e-09,1.20183e-09,1.20981e-09,1.21795e-09,1.22626e-09,1.23474e-09,1.24338e-09,1.25219e-09,1.26117e-09,1.27032e-09,1.27964e-09,1.28913e-09,1.29879e-09,1.30863e-09,1.31864e-09,1.32883e-09,1.3392e-09,1.34975e-09,1.36047e-09,1.37138e-09,1.38247e-09,1.39374e-09,1.4052e-09,1.41685e-09,1.42868e-09,1.4407e-09,1.45292e-09,1.46532e-09,1.47792e-09,1.49071e-09,1.5037e-09,1.51689e-09,1.53027e-09,1.54386e-09,1.55765e-09,1.57165e-09,1.58585e-09,1.60025e-09,1.61487e-09,1.6297e-09,1.64474e-09,1.65999e-09,1.67546e-09,1.69115e-09,1.70706e-09,1.72319e-09,1.73954e-09,1.75611e-09,1.77292e-09,1.78995e-09,1.80721e-09,1.82471e-09,1.84244e-09,1.86041e-09,1.87862e-09,1.89706e-09,1.91576e-09,1.93469e-09,1.95388e-09,1.97331e-09,1.99299e-09,2.01293e-09,2.03313e-09,2.05358e-09,2.0743e-09,2.09527e-09,2.11652e-09,2.13803e-09,2.15981e-09,2.18187e-09,2.2042e-09,2.2268e-09,2.24969e-09,2.27286e-09,2.29632e-09,2.32007e-09,2.3441e-09,2.36843e-09,2.39306e-09,2.41799e-09,2.44321e-09,2.46875e-09,2.49459e-09,2.52074e-09,2.5472e-09,2.57398e-09,2.60108e-09,2.6285e-09,2.65625e-09,2.68433e-09,2.71274e-09,2.74148e-09,2.77056e-09,2.79998e-09,2.82975e-09,2.85986e-09,2.89033e-09,2.92108e-09}

5
{9.41875e-07,9.41865e-07,9.41881e-07,9.41928e-07,9.42007e-07,9.42117e-07,9.42259e-07,9.42433e-07,9.42638e-07,9.42875e-07,9.43143e-07,9.43443e-07,9.43774e-07,9.44137e-07,9.44532e-07,9.44958e-07,9.45416e-07,9.45906e-07,9.46427e-07,9.4698e-07,9.47564e-07,9.4818e-07,9.48828e-07,9.49508e-07,9.50219e-07,9.50962e-07,9.51737e-07,9.52544e-07,9.53382e-07,9.54252e-07,9.55154e-07,9.56088e-07,9.57054e-07,9.58052e-07,9.59081e-07,9.60143e-07,9.61237e-07,9.62362e-07,9.6352e-07,9.64709e-07,9.65931e-07,9.67185e-07,9.68471e-07,9.69789e-07,9.71139e-07,9.72522e-07,9.73937e-07,9.75384e-07,9.76863e-07,9.78375e-07,9.79919e-07,9.81496e-07,9.83105e-07,9.84747e-07,9.86421e-07,9.88127e-07,9.89867e-07,9.91639e-07,9.93443e-07,9.95281e-07,9.97151e-07,9.99054e-07,1.00099e-06,1.00296e-06,1.00496e-06,1.007e-06,1.00906e-06,1.01116e-06,1.0133e-06,1.01547e-06,1.01767e-06,1.0199e-06,1.02217e-06,1.02447e-06,1.0268e-06,1.02917e-06,1.03157e-06,1.03401e-06,1.03647e-06,1.03898e-06,1.04151e-06,1.04408e-06,1.04668e-06,1.04932e-06,1.05199e-06,1.0547e-06,1.05744e-06,1.06021e-06,1.06302e-06,1.06586e-06,1.06874e-06,1.07165e-06,1.0746e-06,1.07758e-06,1.0806e-06,1.08365e-06,1.08673e-06,1.08985e-06,1.093e-06,1.09619e-06,1.09942e-06,1.10268e-06,1.10597e-06,1.1093e-06,1.11267e-06,1.11607e-06,1.11951e-06,1.12298e-06,1.12649e-06,1.13003e-06,1.13361e-06,1.13723e-06,1.14088e-06,1.14457e-06,1.14829e-06,1.15205e-06,1.15585e-06,1.15968e-06,1.16355e-06,1.16746e-06,1.1714e-06,1.17538e-06,1.1794e-06,1.18345e-06,1.18754e-06,1.19167e-06,1.19583e-06,1.20003e-06,1.20427e-06,1.20855e-06,1.21287e-06,1.21722e-06,1.22161e-06,1.22604e-06,1.2305e-06,1.23501e-06,1.23955e-06,1.24413e-06,1.24875e-06,1.25341e-06,1.2581e-06,1.26284e-06,1.26761e-06,1.27242e-06,1.27728e-06,1.28217e-06,1.2871e-06,1.29207e-06,1.29708e-06,1.30212e-06,1.30721e-06,1.31233e-06}

7.5
{8.4772e-06,8.47717e-06,8.47723e-06,8.47741e-06,8.47771e-06,8.47814e-06,8.47869e-06,8.47935e-06,8.48014e-06,8.48105e-06,8.48209e-06,8.48324e-06,8.48452e-06,8.05,2.13907e-05,2.13259e-05,2.12612e-05,2.11968e-05,2.11325e-05,2.10685e-05,2.10046e-05,2.0941e-05,2.08775e-05,2.08143e-05,2.07512e-05,2.06883e-05,2.06257e-05,2.05632e-05,2.05009e-05,2.04389e-05,2.0377e-05,2.03153e-05,2.02538e-05,2.01925e-05,2.01314e-05,2.00705e-05,2.00098e-05,1.99493e-05,1.9889e-05,1.98288e-05,1.97689e-05,1.97092e-05,1.96496e-05,1.95902e-05,1.95311e-05,1.94721e-05,1.94133e-05,1.93547e-05,1.92963e-05,1.92381e-05,1.918e-05,1.91222e-05,1.90645e-05,1.90071e-05,1.89498e-05,1.88927e-05,1.88358e-05,1.87791e-05,1.87225e-05,1.86662e-05,1.861e-05,1.85541e-05,1.84983e-05,1.84427e-05,1.83873e-05,1.8332e-05,1.8277e-05,1.82221e-05,1.81674e-05,1.8113e-05,1.80586e-05,1.80045e-05,1.79506e-05,1.78968e-05,1.78432e-05,1.77898e-05,1.77366e-05,1.76835e-05,1.76307e-05,1.7578e-05,1.75255e-05,1.74732e-05,1.7421e-05,1.73691e-05,1.73173e-05,1.72657e-05,1.72143e-05,1.7163e-05,1.71119e-05,1.7061e-05,1.70103e-05,1.69598e-05,1.69094e-05,1.68592e-05,1.68092e-05,1.67594e-05,1.67097e-05,1.66602e-05,1.66109e-05,1.65618e-05,1.65128e-05,1.6464e-05,1.64154e-05,1.6367e-05,1.63187e-05,1.62706e-05,1.62227e-05,1.61749e-05,1.61274e-05,1.608e-05,1.60327e-05,1.59857e-05,1.59388e-05,1.5892e-05,1.58455e-05,1.57991e-05,1.57529e-05,1.57068e-05,1.5661e-05,1.56153e-05,1.55697e-05,1.55243e-05,1.54791e-05,1.54341e-05,1.53892e-05,1.53445e-05,1.53e-05,1.52556e-05,1.52114e-05,1.51674e-05,1.51235e-05,1.50798e-05,1.50363e-05,1.49929e-05,1.49497e-05,1.49067e-05,1.48638e-05,1.48211e-05,1.47785e-05,1.47361e-05,1.46939e-05,1.46519e-05,1.461e-05,1.45682e-05,1.45266e-05,1.44852e-05,1.4444e-05,1.44029e-05,1.4362e-05,1.43212e-05,1.42806e-05,1.42401e-05}

10
{4.42975e-05,4.42064e-05,4.41155e-05,4.40248e-05,4.39343e-05,4.3844e-05,4.3754e-05,4.36642e-05,4.35746e-05,4.34852e-05,4.33961e-05,4.33072e-05,4.32185e-05,4.313e-05,4.30418e-05,4.29538e-05,4.2866e-05,4.27785e-05,4.26911e-05,4.2604e-05,4.25171e-05,4.24305e-05,4.2344e-05,4.22578e-05,4.21718e-05,4.2086e-05,4.20005e-05,4.19152e-05,4.18301e-05,4.17452e-05,4.16605e-05,4.15761e-05,4.14919e-05,4.14079e-05,4.13241e-05,4.12406e-05,4.11572e-05,4.10741e-05,4.09912e-05,4.09086e-05,4.08261e-05,4.07439e-05,4.06619e-05,4.05802e-05,4.04986e-05,4.04173e-05,4.03361e-05,4.02552e-05,4.01746e-05,4.00941e-05,4.00139e-05,3.99339e-05,3.98541e-05,3.97745e-05,3.96951e-05,3.9616e-05,3.95371e-05,3.94584e-05,3.93799e-05,3.93016e-05,3.92236e-05,3.91458e-05,3.90682e-05,3.89908e-05,3.89136e-05,3.88366e-05,3.87599e-05,3.86834e-05,3.86071e-05,3.8531e-05,3.84551e-05,3.83795e-05,3.83041e-05,3.82288e-05,3.81538e-05,3.80791e-05,3.80045e-05,3.79301e-05,3.7856e-05,3.77821e-05,3.77084e-05,3.76349e-05,3.75616e-05,3.74886e-05,3.74158e-05,3.73431e-05,3.72707e-05,3.71985e-05,3.71266e-05,3.70548e-05,3.69832e-05,3.69119e-05,3.68408e-05,3.67699e-05,3.66992e-05,3.66287e-05,3.65585e-05,3.64884e-05,3.64186e-05,3.6349e-05,3.62796e-05,3.62104e-05,3.61414e-05,3.60726e-05,3.60041e-05,3.59357e-05,3.58676e-05,3.57997e-05,3.5732e-05,3.56645e-05,3.55972e-05,3.55301e-05,3.54633e-05,3.53966e-05,3.53302e-05,3.5264e-05,3.5198e-05,3.51322e-05,3.50666e-05,3.50012e-05,3.49361e-05,3.48711e-05,3.48064e-05,3.47419e-05,3.46775e-05,3.46134e-05,3.45495e-05,3.44858e-05,3.44224e-05,3.43591e-05,3.4296e-05,3.42332e-05,3.41705e-05,3.41081e-05,3.40459e-05,3.39839e-05,3.39221e-05,3.38605e-05,3.37991e-05,3.37379e-05,3.3677e-05,3.36162e-05,3.35557e-05,3.34953e-05,3.34352e-05,3.33753e-05,3.33156e-05,3.3256e-05,3.31967e-05,3.31377e-05,3.30788e-05,3.302e-05}

12.5
{6.65642e-05,6.64675e-05,6.6371e-05,6.62747e-05,6.61786e-05,6.60827e-05,6.59871e-05,6.58916e-05,6.57964e-05,6.57014e-05,6.56066e-05,6.55121e-05,6.54177e-05,6.53236e-05,6.52296e-05,6.51359e-05,6.50424e-05,6.49492e-05,6.48561e-05,6.47633e-05,6.46706e-05,6.45782e-05,6.4486e-05,6.43941e-05,6.43023e-05,6.42108e-05,6.41194e-05,6.40283e-05,6.39374e-05,6.38467e-05,6.37563e-05,6.3666e-05,6.3576e-05,6.34862e-05,6.33966e-05,6.33072e-05,6.3218e-05,6.31291e-05,6.30403e-05,6.29518e-05,6.28635e-05,6.27754e-05,6.26875e-05,6.25999e-05,6.25124e-05,6.24252e-05,6.23382e-05,6.22514e-05,6.21648e-05,6.20785e-05,6.19923e-05,6.19064e-05,6.18207e-05,6.17352e-05,6.4.5,,0.000218039,0.000217801,0.000217563,0.000217325,0.000217087,0.00021685,0.000216612,0.000216374,0.000216137,0.000215899,0.000215661,0.000215424,0.000215187,0.000214949,0.000214712,0.000214475,0.000214238,0.000214001,0.000213763,0.000213526,0.00021329,0.000213053,0.000212816,0.000212579,0.000212342,0.000212106,0.000211869,0.000211633,0.000211396,0.00021116,0.000210924,0.000210687,0.000210451,0.000210215,0.000209979,0.000209743,0.000209507,0.000209271,0.000209036,0.0002088,0.000208564,0.000208329,0.000208093,0.000207858,0.000207622,0.000207387,0.000207152,0.000206917,0.000206682,0.000206447,0.000206212,0.000205977,0.000205742,0.000205507,0.000205273,0.000205038,0.000204804,0.000204569,0.000204335,0.000204101,0.000203867,0.000203633,0.000203399,0.000203165,0.000202931,0.000202697,0.000202463,0.00020223,0.000201996,0.000201763,0.000201529,0.000201296,0.000201063,0.00020083,0.000200596,0.000200363,0.000200131,0.000199898,0.000199665,0.000199432,0.0001992,0.000198967,0.000198735,0.000198503,0.00019827,0.000198038,0.000197806,0.000197574,0.000197343,0.000197111,0.000196879,0.000196647,0.000196416,0.000196185,0.000195953,0.000195722,0.000195491,0.00019526,0.000195029,0.000194798}

15
{0.000231284,0.000231086,0.000230888,0.00023069,0.000230491,0.000230293,0.000230095,0.000229897,0.000229699,0.000229501,0.000229303,0.000229105,0.000228907,0.000228709,0.000228511,0.000228313,0.000228114,0.000227916,0.000227718,0.00022752,0.000227322,0.000227124,0.000226926,0.000226728,0.00022653,0.000226332,0.000226134,0.000225935,0.000225737,0.000225539,0.000225341,0.000225143,0.000224945,0.000224747,0.000224549,0.000224351,0.000224153,0.000223955,0.000223757,0.000223559,0.000223361,0.000223163,0.000222965,0.000222767,0.000222569,0.000222371,0.000222173,0.000221975,0.000221777,0.000221579,0.000221381,0.000221183,0.000220985,0.000220787,0.00022059,0.000220392,0.000220194,0.000219996,0.000219798,0.0002196,0.000219403,0.000219205,0.000219007,0.000218809,0.000218612,0.000218414,0.000218216,0.000218019,0.000217821,0.000217623,0.000217426,0.000217228,0.000217031,0.000216833,0.000216636,0.000216438,0.000216241,0.000216043,0.000215846,0.000215648,0.000215451,0.000215253,0.000215056,0.000214859,0.000214661,0.000214464,0.000214267,0.00021407,0.000213872,0.000213675,0.000213478,0.000213281,0.000213084,0.000212887,0.00021269,0.000212492,0.000212295,0.000212098,0.000211902,0.000211705,0.000211508,0.000211311,0.000211114,0.000210917,0.00021072,0.000210524,0.000210327,0.00021013,0.000209934,0.000209737,0.00020954,0.000209344,0.000209147,0.000208951,0.000208754,0.000208558,0.000208362,0.000208165,0.000207969,0.000207773,0.000207576,0.00020738,0.000207184,0.000206988,0.000206792,0.000206596,0.0002064,0.000206204,0.000206008,0.000205812,0.000205616,0.00020542,0.000205225,0.000205029,0.000204833,0.000204637,0.000204442,0.000204246,0.000204051,0.000203855,0.00020366,0.000203464,0.000203269,0.000203074,0.000202878,0.000202683,0.000202488,0.000202293,0.000202098,0.000201903,0.000201708,0.000201513}

17.5
{0.000229815,0.000229651,0.000229486,0.000229321,0.000229157,0.000228992,0.000228827,0.000228663,0.000228498,0.000228333,0.000228168,0.000228003,0.000227839,0.000227674,0.000227509,0.000227344,0.000227179,0.000227014,0.000226849,0.000226684,0.000226519,0.000226354,0.000226189,0.000226025,0.000225859,0.000225694,0.000225529,0.000225364,0.000225199,0.000225034,0.000224869,0.000224704,0.000224539,0.000224374,0.000224209,0.000224044,0.000223879,0.000223713,0.000223548,0.000223383,0.000223218,0.000223053,0.000222887,0.000222722,0.000222557,0.000222392,0.000222227,0.000222061,0.000221896,0.000221731,0.000221566,0.0002214,0.000221235,0.00022107,0.000220905,0.000220739,0.000220574,0.000220409,0.000220243,0.000220078,0.000219913,0.000219748,0.000219582,0.000219417,0.000219252,0.000219086,0.000218921,0.000218756,0.00021859,0.000218425,0.00021826,0.000218094,0.000217929,0.000217764,0.000217599,0.000217433,0.000217268,0.000217103,0.000216937,0.000216772,0.000216607,0.000216441,0.000216276,0.000216111,0.000215946,0.00021578,0.000215615,0.00021545,0.000215285,0.000215119,0.000214954,0.000214789,0.000214624,0.000214458,0.000214293,0.000214128,0.000213963,0.000213798,0.000213632,0.000213467,0.000213302,0.000213137,0.000212972,0.000212807,0.000212641,0.000212476,0.000212311,0.000212146,0.000211981,0.000211816,0.000211651,0.000211486,0.000211321,0.000211156,0.000210991,0.000210826,0.000210661,0.000210496,0.000210331,0.000210166,0.000210001,0.000209836,0.000209671,0.000209506,0.000209341,0.000209176,0.000209011,0.000208847,0.000208682,0.000208517,0.000208352,0.000208188,0.000208023,0.000207858,0.000207693,0.000207529,0.000207364,0.000207199,0.000207035,0.00020687,0.000206706,0.000206541,0.000206376,0.000206212,0.000206047,0.000205883,0.000205718,0.000205554,0.00020539,0.000205225,0.000205061,0.000204896}

20
{0.00022751,0.000227372,0.000227234,0.000227097,0.000226959,0.000226822,0.000226684,0.000226546,0.000226409,0.000226271,0.000226133,0.000225995,0.000225857,0.00022572,0.000225582,0.000225444,0.000225306,0.000225168,0.00022503,0.000224892,0.000224754,0.000224616,0.000224478,0.00022434,0.000224202,0.000224064,0.000223926,0.000223788,0.00022365,0.000223512,0.000223374,0.000223236,0.000223097,0.000222959,0.000222821,0.000222683,0.000222544,0.000222406,0.000222268,0.00022213,0.000221991,0.000221853,0.000221715,0.000221576,0.000221438,0.000221299,0.000221161,0.000221023,0.000220884,0.000220746,0.000220607,0.000220469,0.00022033,0.000220192,0.000220053,0.000219915,0.000219776,0.000219638,0.000219499,0.000219361,0.000219222,0.000219084,0.000218945,0.000218806,0.000218668,0.000218529,0.000218391,0.000218252,0.000218113,0.000217975,0.000217836,0.000217697,0.000217559,0.00021742,0.000217281,0.000217143,0.000217004,0.000216865,0.000216727,0.000216588,0.000216449,0.00021631,0.000216172,0.000216033,0.000215894,0.000215756,0.000215617,0.000215478,0.000215339,0.000215201,0.000215062,0.000214923,0.000214784,0.000214646,0.000214507,0.000214368,0.000214229,0.00021409,0.000213952,0.000213813,0.000213674,0.000213535,0.000213397,0.000213258,0.000213119,0.00021298,0.000212841,0.000212703,0.000212564,0.000212425,0.000212286,0.000212148,0.000212009,0.00021187,0.000211731,0.000211593,0.000211454,0.000211315,0.000211176,0.000211038,0.000210899,0.00021076,0.000210621,0.000210483,0.000210344,0.000210205,0.000210067,0.000209928,0.000209789,0.00020965,0.000209512,0.000209373,0.000209234,0.000209096,0.000208957,0.000208819,0.00020868,0.000208541,0.000208403,0.000208264,0.000208125,0.000207987,0.000207848,0.00020771,0.000207571,0.000207433,0.000207294,0.000207156,0.000207017,0.000206878,0.00020674,0.000206602}

22.5
{0.000225032,0.000224916,0.000224801,0.000224686,0.00022457,0.000224455,0.00022434,0.000224224,0.000224109,0.000223993,0.000223878,0.000223762,0.000223647,0.000223531,0.000223415,0.0002233,0.000223184,0.000223068,0.000222953,0.000222837,0.000222721,0.000222606,0.00022249,0.000222374,0.000222258,0.000222142,0.000222027,0.000221911,0.000221795,0.000221679,0.000221563,0.000221447,0.000221331,0.000221215,0.000221099,0.000220983,0.000220867,0.000220751,0.000220635,0.000220519,0.000220403,0.000220287,0.000220171,0.000220055,0.000219938,0.000219822,0.000219706,0.00021959,0.000219474,0.000219357,0.000219241,0.000219125,0.000219009,0.000218892,0.000218776,0.00021866,0.000218543,0.000218427,0.000218311,0.000218194,0.000218078,0.000217961,0.000217845,0.000217729,0.000217612,0.000217496,0.000217379,0.000217263,0.000217146,0.00021703,0.000216913,0.000216797,0.00021668,0.000216564,0.000216447,0.000216331,0.000216214,0.000216098,0.000215981,0.000215864,0.000215748,0.000215631,0.000215515,0.000215398,0.000215281,0.000215165,0.000215048,0.000214931,0.000214815,0.000214698,0.000214582,0.000214465,0.000214348,0.000214231,0.000214115,0.000213998,0.000213881,0.000213765,0.000213648,0.000213531,0.000213415,0.000213298,0.000213181,0.000213064,0.000212948,0.000212831,0.000212714,0.000212597,0.000212481,0.000212364,0.000212247,0.00021213,0.000212014,0.000211897,0.00021178,0.000211663,0.000211547,0.00021143,0.000211313,0.000211196,0.00021108,0.000210963,0.000210846,0.000210729,0.000210612,0.000210496,0.000210379,0.000210262,0.000210145,0.000.1,,0.00,,0.000269818,0.000269905,0.000269991,0.000270078,0.000270164,0.00027025,0.000270336,0.000270422,0.000270508,0.000270594,0.00027068,0.000270765,0.000270851,0.000270936,0.000271022,0.000271107,0.000271192,0.000271277,0.000271362}

25
{0.000249805,0.000249888,0.000249971,0.000250053,0.000250136,0.000250219,0.000250301,0.000250384,0.000250466,0.000250548,0.00025063,0.000250712,0.000250795,0.000250877,0.000250958,0.00025104,0.000251122,0.000251204,0.000251285,0.000251367,0.000251448,0.00025153,0.000251611,0.000251692,0.000251774,0.000251855,0.000251936,0.000252017,0.000252098,0.000252178,0.000252259,0.00025234,0.00025242,0.000252501,0.000252581,0.000252662,0.000252742,0.000252822,0.000252902,0.000252982,0.000253062,0.000253142,0.000253222,0.000253302,0.000253381,0.000253461,0.000253541,0.00025362,0.000253699,0.000253779,0.000253858,0.000253937,0.000254016,0.000254095,0.000254174,0.000254253,0.000254332,0.00025441,0.000254489,0.000254567,0.000254646,0.000254724,0.000254803,0.000254881,0.000254959,0.000255037,0.000255115,0.000255193,0.000255271,0.000255348,0.000255426,0.000255503,0.000255581,0.000255658,0.000255736,0.000255813,0.00025589,0.000255967,0.000256044,0.000256121,0.000256198,0.000256275,0.000256351,0.000256428,0.000256504,0.000256581,0.000256657,0.000256733,0.00025681,0.000256886,0.000256962,0.000257038,0.000257114,0.000257189,0.000257265,0.000257341,0.000257416,0.000257492,0.000257567,0.000257642,0.000257717,0.000257792,0.000257867,0.000257942,0.000258017,0.000258092,0.000258167,0.000258241,0.000258316,0.00025839,0.000258464,0.000258539,0.000258613,0.000258687,0.000258761,0.000258835,0.000258909,0.000258982,0.000259056,0.000259129,0.000259203,0.000259276,0.00025935,0.000259423,0.000259496,0.000259569,0.000259642,0.000259715,0.000259788,0.00025986,0.000259933,0.000260005,0.000260078,0.00026015,0.000260222,0.000260294,0.000260367,0.000260438,0.00026051,0.000260582,0.000260654,0.000260725,0.000260797,0.000260868,0.00026094,0.000261011,0.000261082,0.000261153,0.000261224,0.000261295,0.000261366,0.000261437}

27.5
{0.000243332,0.000243401,0.000243471,0.00024354,0.000243609,0.000243679,0.000243748,0.000243817,0.000243886,0.000243955,0.000244024,0.000244092,0.000244161,0.00024423,0.000244299,0.000244367,0.000244436,0.000244504,0.000244573,0.000244641,0.000244709,0.000244777,0.000244845,0.000244914,0.000244982,0.00024505,0.000245117,0.000245185,0.000245253,0.000245321,0.000245388,0.000245456,0.000245524,0.000245591,0.000245658,0.000245726,0.000245793,0.00024586,0.000245927,0.000245994,0.000246062,0.000246128,0.000246195,0.000246262,0.000246329,0.000246396,0.000246462,0.000246529,0.000246595,0.000246662,0.000246728,0.000246794,0.000246861,0.000246927,0.000246993,0.000247059,0.000247125,0.000247191,0.000247257,0.000247322,0.000247388,0.000247454,0.000247519,0.000247585,0.00024765,0.000247716,0.000247781,0.000247846,0.000247911,0.000247977,0.000248042,0.000248107,0.000248171,0.000248236,0.000248301,0.000248366,0.00024843,0.000248495,0.000248559,0.000248624,0.000248688,0.000248752,0.000248817,0.000248881,0.000248945,0.000249009,0.000249073,0.000249137,0.000249201,0.000249264,0.000249328,0.000249391,0.000249455,0.000249518,0.000249582,0.000249645,0.000249708,0.000249772,0.000249835,0.000249898,0.000249961,0.000250023,0.000250086,0.000250149,0.000250212,0.000250274,0.000250337,0.000250399,0.000250462,0.000250524,0.000250586,0.000250648,0.00025071,0.000250772,0.000250834,0.000250896,0.000250958,0.00025102,0.000251081,0.000251143,0.000251205,0.000251266,0.000251327,0.000251389,0.00025145,0.000251511,0.000251572,0.000251633,0.000251694,0.000251755,0.000251816,0.000251876,0.000251937,0.000251997,0.000252058,0.000252118,0.000252179,0.000252239,0.000252299,0.000252359,0.000252419,0.000252479,0.000252539,0.000252599,0.000252659,0.000252718,0.000252778,0.000252837,0.000252897,0.000252956,0.000253015,0.000253074}

30
{0.00023785,0.000237908,0.000237966,0.000238024,0.000238083,0.000238141,0.000238199,0.000238257,0.000238315,0.000238373,0.00023843,0.000238488,0.000238546,0.000238604,0.000238661,0.000238719,0.000238777,0.000238834,0.000238891,0.000238949,0.000239006,0.000239064,0.000239121,0.000239178,0.000239235,0.000239292,0.000239349,0.000239406,0.000239463,0.00023952,0.000239577,0.000239634,0.00023969,0.000239747,0.000239803,0.00023986,0.000239916,0.000239973,0.000240029,0.000240086,0.000240142,0.000240198,0.000240254,0.00024031,0.000240366,0.000240422,0.000240478,0.000240534,0.00024059,0.000240646,0.000240702,0.000240757,0.000240813,0.000240869,0.000240924,0.000240979,0.000241035,0.00024109,0.000241145,0.000241201,0.000241256,0.000241311,0.000241366,0.000241421,0.000241476,0.000241531,0.000241586,0.00024164,0.000241695,0.00024175,0.000241804,0.000241859,0.000241914,0.000241968,0.000242022,0.000242077,0.000242131,0.000242185,0.000242239,0.000242293,0.000242347,0.000242401,0.000242455,0.000242509,0.000242563,0.000242617,0.00024267,0.000242724,0.000242777,0.000242831,0.000242884,0.000242938,0.000242991,0.000243044,0.000243098,0.000243151,0.000243204,0.000243257,0.00024331,0.000243363,0.000243416,0.000243468,0.000243521,0.000243574,0.000243626,0.000243679,0.000243731,0.000243784,0.000243836,0.000243888,0.000243941,0.000243993,0.000244045,0.000244097,0.000244149,0.000244201,0.000244253,0.000244305,0.000244356,0.000244408,0.00024446,0.000244511,0.000244563,0.000244614,0.000244666,0.000244717,0.000244768,0.000244819,0.00024487,0.000244922,0.000244973,0.000245023,0.000245074,0.000245125,0.000245176,0.000245227,0.000245277,0.000245328,0.000245378,0.000245429,0.000245479,0.000245529,0.00024558,0.00024563,0.00024568,0.00024573,0.00024578,0.00024583,0.00024588,0.00024593,0.000245979,0.000246029}

32.5
{0.000233216,0.000233265,0.000233314,0.000233363,0.000233412,0.000233461,0.00023351,0.000233559,0.000233607,0.000233656,0.000233705,0.000233753,0.000233802,0.00023385,0.000233899,0.000233947,0.000233996,0.000234044,0.000234092,0.000234141,0.000234189,0.000234237,0.000234285,0.000234333,0.000234381,0.000234429,0.000234477,0.000234525,0.000234573,0.000234621,0.000234669,0.000234716,0.000234764,0.000234812,0.000234859,0.000234907,0.000234954,0.000235002,0.000235049,0.000235097,0.000235144,0.000235191,0.000235238,0.000235286,0.000235333,0.00023538,0.000235427,0.000235474,0.000235521,0.000235568,0.000235614,0.000235661,0.000235708,0.000235755,0.000235801,0.000235848,0.000235895,0.000235941,0.000235988,0.000236034,0.00023608,0.000236127,0.000236173,0.000236219,0.000236266,0.000236312,0.000236358,0.000236404,0.00023645,0.000236496,0.000236542,0.000236588,0.000236633,0.000236679,0.000236725,0.000236771,0.000236816,0.000236862,0.000236907,0.000236953,0.000236998,0.000237043,0.000237089,0.000237134,0.000237179,0.000237224,0.00023727,0.000237315,0.00023736,0.000237405,0.00023745,0.000237494,0.000237539,0.000237584,0.000237629,0.000237673,0.000237718,0.000237763,0.000237807,0.000237852,0.000237896,0.000237941,0.000237985,0.000238029,0.000238073,0.000238117,0.000238162,0.000238206,0.00023825,0.000238294,0.000238338,0.000238381,0.000238425,0.000238469,0.000238513,0.000238556,0.0002386,0.000238644,0.000238687,0.000238731,0.000238774,0.000238817,0.000238861,0.000238904,0.000238947,0.00023899,0.000239033,0.000239076,0.000239119,0.000239162,0.000239205,0.000239248,0.000239291,0.000239333,0.000239376,0.000239419,0.000239461,0.000239504,0.000239546,0.000239588,0.000239631,0.000239673,0.000239715,0.000239758,0.0002398,0.000239842,0.000239884,0.000239926,0.000239968,0.000240009,0.000240051,0.000240093}

35
{0.000229305,0.000229346,0.000229388,0.000229429,0.00022947,0.000229511,0.000229552,0.000229593,0.000229634,0.000229675,0.000229716,0.000229757,0.000229798,0.000229839,0.00022988,0.00022992,0.000229961,0.000230002,0.000230043,0.000230083,0.000230124,0.000230164,0.000230205,0.000230245,0.000230286,0.000230326,0.000230366,0.000230407,0.000230447,0.000230487,0.000230527,0.000230568,0.000230608,0.000230648,0.000230688,0.000230728,0.000230768,0.000230808,0.000230848,0.000230888,0.000230927,0.000230967,0.000231007,0.000231047,0.000231086,0.000231126,0.000231166,0.000231205,0.000231245,0.000231284,0.000231323,0.000231363,0.000231402,0.000231442,0.000231481,0.00023152,0.000231559,0.0002310.0,,0,0.,0.00,0.000218438,0.000218486,0.000218533,0.000218581,0.000218629,0.000218676,0.000218724,0.000218772,0.000218819,0.000218867,0.000218915,0.000218962,0.00021901,0.000219057,0.000219105,0.000219152,0.0002192,0.000219247,0.000219295,0.000219342,0.00021939,0.000219437,0.000219484,0.000219532,0.000219579,0.000219626,0.000219674,0.000219721,0.000219768,0.000219815,0.000219863,0.00021991,0.000219957,0.000220004,0.000220051,0.000220099,0.000220146,0.000220193,0.00022024,0.000220287,0.000220334,0.000220381,0.000220428,0.000220475,0.000220522,0.000220569,0.000220616,0.000220662,0.000220709,0.000220756,0.000220803,0.00022085,0.000220897,0.000220943,0.00022099,0.000221037,0.000221083,0.00022113,0.000221177,0.000221223,0.00022127,0.000221317,0.000221363,0.00022141,0.000221456,0.000221503,0.000221549,0.000221596,0.000221642,0.000221688,0.000221735,0.000221781,0.000221827,0.000221874,0.00022192,0.000221966,0.000222012,0.000222059,0.000222105,0.000222151,0.000222197,0.000222243,0.000222289,0.000222335,0.000222382,0.000222428,0.000222474,0.00022252,0.000222565,0.000222611,0.000222657,0.000222703,0.000222749,0.000222795}

37.5
{0.000214499,0.00021454,0.000214581,0.000214622,0.000214663,0.000214704,0.000214745,0.000214786,0.000214827,0.000214867,0.000214908,0.000214949,0.00021499,0.000215031,0.000215072,0.000215112,0.000215153,0.000215194,0.000215235,0.000215275,0.000215316,0.000215357,0.000215398,0.000215438,0.000215479,0.00021552,0.00021556,0.000215601,0.000215642,0.000215682,0.000215723,0.000215764,0.000215804,0.000215845,0.000215885,0.000215926,0.000215966,0.000216007,0.000216047,0.000216088,0.000216128,0.000216169,0.000216209,0.00021625,0.00021629,0.000216331,0.000216371,0.000216411,0.000216452,0.000216492,0.000216533,0.000216573,0.000216613,0.000216654,0.000216694,0.000216734,0.000216774,0.000216815,0.000216855,0.000216895,0.000216935,0.000216976,0.000217016,0.000217056,0.000217096,0.000217136,0.000217176,0.000217216,0.000217256,0.000217297,0.000217337,0.000217377,0.000217417,0.000217457,0.000217497,0.000217537,0.000217577,0.000217617,0.000217657,0.000217696,0.000217736,0.000217776,0.000217816,0.000217856,0.000217896,0.000217936,0.000217975,0.000218015,0.000218055,0.000218095,0.000218134,0.000218174,0.000218214,0.000218254,0.000218293,0.000218333,0.000218373,0.000218412,0.000218452,0.000218491,0.000218531,0.00021857,0.00021861,0.00021865,0.000218689,0.000218729,0.000218768,0.000218807,0.000218847,0.000218886,0.000218926,0.000218965,0.000219004,0.000219044,0.000219083,0.000219122,0.000219162,0.000219201,0.00021924,0.000219279,0.000219319,0.000219358,0.000219397,0.000219436,0.000219475,0.000219514,0.000219553,0.000219593,0.000219632,0.000219671,0.00021971,0.000219749,0.000219788,0.000219827,0.000219865,0.000219904,0.000219943,0.000219982,0.000220021,0.00022006,0.000220099,0.000220138,0.000220176,0.000220215,0.000220254,0.000220292,0.000220331,0.00022037,0.000220409,0.000220447,0.000220486,0.000220524}

40
{0.000213533,0.000213567,0.000213602,0.000213636,0.000213671,0.000213705,0.00021374,0.000213774,0.000213809,0.000213843,0.000213877,0.000213912,0.000213946,0.000213981,0.000214015,0.000214049,0.000214084,0.000214118,0.000214152,0.000214187,0.000214221,0.000214255,0.00021429,0.000214324,0.000214358,0.000214392,0.000214427,0.000214461,0.000214495,0.000214529,0.000214564,0.000214598,0.000214632,0.000214666,0.0002147,0.000214735,0.000214769,0.000214803,0.000214837,0.000214871,0.000214905,0.000214939,0.000214973,0.000215007,0.000215042,0.000215076,0.00021511,0.000215144,0.000215178,0.000215212,0.000215246,0.00021528,0.000215314,0.000215348,0.000215381,0.000215415,0.000215449,0.000215483,0.000215517,0.000215551,0.000215585,0.000215619,0.000215653,0.000215686,0.00021572,0.000215754,0.000215788,0.000215822,0.000215855,0.000215889,0.000215923,0.000215957,0.00021599,0.000216024,0.000216058,0.000216091,0.000216125,0.000216159,0.000216192,0.000216226,0.00021626,0.000216293,0.000216327,0.00021636,0.000216394,0.000216427,0.000216461,0.000216495,0.000216528,0.000216562,0.000216595,0.000216628,0.000216662,0.000216695,0.000216729,0.000216762,0.000216796,0.000216829,0.000216862,0.000216896,0.000216929,0.000216962,0.000216996,0.000217029,0.000217062,0.000217095,0.000217129,0.000217162,0.000217195,0.000217228,0.000217261,0.000217295,0.000217328,0.000217361,0.000217394,0.000217427,0.00021746,0.000217493,0.000217526,0.000217559,0.000217592,0.000217625,0.000217658,0.000217691,0.000217724,0.000217757,0.00021779,0.000217823,0.000217856,0.000217889,0.000217922,0.000217955,0.000217987,0.00021802,0.000218053,0.000218086,0.000218119,0.000218151,0.000218184,0.000218217,0.00021825,0.000218282,0.000218315,0.000218348,0.00021838,0.000218413,0.000218445,0.000218478,0.00021851,0.000218543,0.000218576,0.000218608}

42.5
{0.000212716,0.000212745,0.000212774,0.000212803,0.000212832,0.000212862,0.000212891,0.00021292,0.000212949,0.000212978,0.000213007,0.000213036,0.000213065,0.000213094,0.000213122,0.000213151,0.00021318,0.000213209,0.000213238,0.000213267,0.000213296,0.000213325,0.000213354,0.000213383,0.000213412,0.000213441,0.000213469,0.000213498,0.000213527,0.000213556,0.000213585,0.000213614,0.000213642,0.000213671,0.0002137,0.000213729,0.000213757,0.000213786,0.000213815,0.000213844,0.000213872,0.000213901,0.00021393,0.000213959,0.000213987,0.000214016,0.000214045,0.000214073,0.000214102,0.000214131,0.000214159,0.000214188,0.000214217,0.000214245,0.000214274,0.000214302,0.000214331,0.000214359,0.000214388,0.000214417,0.000214445,0.000214474,0.000214502,0.000214531,0.000214559,0.000214588,0.000214616,0.000214645,0.000214673,0.000214701,0.00021473,0.000214758,0.000214787,0.000214815,0.000214843,0.000214872,0.0002149,0.000214929,0.000214957,0.000214985,0.000215013,0.000215042,0.00021507,0.000215098,0.000215127,0.000215155,0.000215183,0.000215211,0.00021524,0.000215268,0.000215296,0.000215324,0.000215352,0.000215381,0.000215409,0.000215437,0.000215465,0.000215493,0.000215521,0.000215549,0.000215577,0.000215605,0.000215633,0.000215661,0.00021569,0.000215718,0.000215746,0.000215774,0.000215802,0.000215829,0.000215857,0.000215885,0.000215913,0.000215941,0.000215969,0.000215997,0.000216025,0.000216053,0.000216081,0.000216108,0.000216136,0.000216164,0.000216192,0.00021622,0.000216247,0.000216275,0.000216303,0.000216331,0.000216358,0.000216386,0.000216414,0.000216441,0.000216469,0.000216497,0.000216524,0.000216552,0.00021658,0.000216607,0.000216635,0.000216662,0.00021669,0.000216717,0.000216745,0.000216772,0.0002168,0.000216827,0.000216855,0.000216882,0.00021691,0.000216937,0.000216964,0.000216992}

45
{0.000212027,0.000212052,0.000212076,0.000212101,0.000212125,0.00021215,0.000212174,0.000212198,0.000212223,0.000212247,0.000212272,0.000212296,0.000212321,0.000212345,0.000212369,0.000212394,0.000212418,0.000212443,0.000212467,0.000212491,0.000212516,0.00021254,0.000212564,0.000212589,0.000212613,0.000212637,0.000212662,0.000212686,0.00021271,0.000212735,0.000212759,0.000212783,0.000212807,0.000212832,0.000212856,0.00021288,0.000212904,0.000212929,0.000212953,0.000212977,0.000213001,0.000213025,0.00021305,0.000213074,0.000213098,0.000213122,0.000213146,0.000213171,0.000213195,0.000213219,0.000213243,0.000213267,0.000213291,0.000213315,0.000213339,0.000213363,0.000213387,0.000213412,0.000213436,0.00021346,0.000213484,0.000213508,0.000213532,0.000213556,0.00021358,0.000213604,0.000213628,0.000213652,0.000213676,0.0002137,0.000213724,0.000213748,0.000213771,0.000213795,0.000213819,0.000213843,0.000213867,0.000213891,0.000213915,0.000213939,0.000213963,0.000213986,0.00021401,0.000214034,0.000214058,0.000214082,0.000214105,0.000214129,0.000214153,0.000214177,0.000214201,0.000214224,0.000214248,0.000214272,0.000214296,0.000214319,0.000214343,0.000214367,0.00021439,0.000214414,0.000214438,0.000214461,0.000214485,0.000214508,0.000214532,0.000214556,0.000214579,0.000214603,0.000214626,0.00021465,0.000214674,0.000214697,0.000214721,0.000214744,0.000214768,0.000214791,0.000214815,0.000214838,0.000214862,0.000214885,0.000214908,0.000214932,0.000214955,0.000214979,0.000215002,0.000215025,0.000215049,0.000215072,0.000215096,0.000215119,0.000215142,0.000215165,0.000215189,0.000215212,0.000215235,0.000,0.0,0,0.0001,0.00,0.000215305,0.000215328,0.000215352,0.000215375,0.000215398,0.000215421,0.000215444,0.000215467,0.000215491,0.000215514,0.000215537,0.00021556,0.000215583,0.000215606,0.000215629}

47.5
{0.000211446,0.000211467,0.000211487,0.000211508,0.000211529,0.000211549,0.00021157,0.00021159,0.000211611,0.000211632,0.000211652,0.000211673,0.000211693,0.000211714,0.000211734,0.000211755,0.000211776,0.000211796,0.000211817,0.000211837,0.000211858,0.000211878,0.000211899,0.000211919,0.00021194,0.00021196,0.000211981,0.000212001,0.000212022,0.000212042,0.000212063,0.000212083,0.000212103,0.000212124,0.000212144,0.000212165,0.000212185,0.000212206,0.000212226,0.000212246,0.000212267,0.000212287,0.000212308,0.000212328,0.000212348,0.000212369,0.000212389,0.000212409,0.00021243,0.00021245,0.00021247,0.000212491,0.000212511,0.000212531,0.000212552,0.000212572,0.000212592,0.000212612,0.000212633,0.000212653,0.000212673,0.000212693,0.000212714,0.000212734,0.000212754,0.000212774,0.000212795,0.000212815,0.000212835,0.000212855,0.000212875,0.000212895,0.000212916,0.000212936,0.000212956,0.000212976,0.000212996,0.000213016,0.000213036,0.000213057,0.000213077,0.000213097,0.000213117,0.000213137,0.000213157,0.000213177,0.000213197,0.000213217,0.000213237,0.000213257,0.000213277,0.000213297,0.000213317,0.000213337,0.000213357,0.000213377,0.000213397,0.000213417,0.000213437,0.000213457,0.000213477,0.000213497,0.000213517,0.000213537,0.000213556,0.000213576,0.000213596,0.000213616,0.000213636,0.000213656,0.000213676,0.000213695,0.000213715,0.000213735,0.000213755,0.000213775,0.000213794,0.000213814,0.000213834,0.000213854,0.000213874,0.000213893,0.000213913,0.000213933,0.000213952,0.000213972,0.000213992,0.000214011,0.000214031,0.000214051,0.00021407,0.00021409,0.00021411,0.000214129,0.000214149,0.000214169,0.000214188,0.000214208,0.000214227,0.000214247,0.000214266,0.000214286,0.000214305,0.000214325,0.000214344,0.000214364,0.000214383,0.000214403,0.000214422,0.000214442,0.000214461,0.000214481}

50
{0.000210956,0.000210974,0.000210991,0.000211008,0.000211026,0.000211043,0.00021106,0.000211078,0.000211095,0.000211112,0.00021113,0.000211147,0.000211164,0.000211182,0.000211199,0.000211216,0.000211234,0.000211251,0.000211268,0.000211286,0.000211303,0.00021132,0.000211338,0.000211355,0.000211372,0.000211389,0.000211407,0.000211424,0.000211441,0.000211458,0.000211476,0.000211493,0.00021151,0.000211527,0.000211544,0.000211562,0.000211579,0.000211596,0.000211613,0.00021163,0.000211648,0.000211665,0.000211682,0.000211699,0.000211716,0.000211733,0.000211751,0.000211768,0.000211785,0.000211802,0.000211819,0.000211836,0.000211853,0.00021187,0.000211888,0.000211905,0.000211922,0.000211939,0.000211956,0.000211973,0.00021199,0.000212007,0.000212024,0.000212041,0.000212058,0.000212075,0.000212092,0.000212109,0.000212126,0.000212143,0.00021216,0.000212177,0.000212194,0.000212211,0.000212228,0.000212245,0.000212262,0.000212279,0.000212296,0.000212313,0.00021233,0.000212347,0.000212364,0.000212381,0.000212398,0.000212415,0.000212431,0.000212448,0.000212465,0.000212482,0.000212499,0.000212516,0.000212533,0.000212549,0.000212566,0.000212583,0.0002126,0.000212617,0.000212634,0.00021265,0.000212667,0.000212684,0.000212701,0.000212717,0.000212734,0.000212751,0.000212768,0.000212784,0.000212801,0.000212818,0.000212835,0.000212851,0.000212868,0.000212885,0.000212901,0.000212918,0.000212935,0.000212951,0.000212968,0.000212985,0.000213001,0.000213018,0.000213035,0.000213051,0.000213068,0.000213084,0.000213101,0.000213118,0.000213134,0.000213151,0.000213167,0.000213184,0.0002132,0.000213217,0.000213233,0.00021325,0.000213266,0.000213283,0.000213299,0.000213316,0.000213332,0.000213349,0.000213365,0.000213382,0.000213398,0.000213415,0.000213431,0.000213447,0.000213464,0.00021348,0.000213497,0.000213513}

52.5
{0.000210543,0.000210558,0.000210573,0.000210587,0.000210602,0.000210617,0.000210631,0.000210646,0.00021066,0.000210675,0.00021069,0.000210704,0.000210719,0.000210733,0.000210748,0.000210763,0.000210777,0.000210792,0.000210806,0.000210821,0.000210835,0.00021085,0.000210865,0.000210879,0.000210894,0.000210908,0.000210923,0.000210937,0.000210952,0.000210966,0.000210981,0.000210995,0.00021101,0.000211024,0.000211039,0.000211053,0.000211068,0.000211082,0.000211097,0.000211111,0.000211126,0.00021114,0.000211155,0.000211169,0.000211184,0.000211198,0.000211213,0.000211227,0.000211242,0.000211256,0.00021127,0.000211285,0.000211299,0.000211314,0.000211328,0.000211342,0.000211357,0.000211371,0.000211386,0.0002114,0.000211414,0.000211429,0.000211443,0.000211457,0.000211472,0.000211486,0.000211501,0.000211515,0.000211529,0.000211544,0.000211558,0.000211572,0.000211586,0.000211601,0.000211615,0.000211629,0.000211644,0.000211658,0.000211672,0.000211686,0.000211701,0.000211715,0.000211729,0.000211744,0.000211758,0.000211772,0.000211786,0.0002118,0.000211815,0.000211829,0.000211843,0.000211857,0.000211871,0.000211886,0.0002119,0.000211914,0.000211928,0.000211942,0.000211957,0.000211971,0.000211985,0.000211999,0.000212013,0.000212027,0.000212041,0.000212055,0.00021207,0.000212084,0.000212098,0.000212112,0.000212126,0.00021214,0.000212154,0.000212168,0.000212182,0.000212196,0.00021221,0.000212224,0.000212238,0.000212252,0.000212266,0.00021228,0.000212294,0.000212308,0.000212322,0.000212336,0.00021235,0.000212364,0.000212378,0.000212392,0.000212406,0.00021242,0.000212434,0.000212448,0.000212462,0.000212476,0.00021249,0.000212504,0.000212517,0.000212531,0.000212545,0.000212559,0.000212573,0.000212587,0.000212601,0.000212615,0.000212628,0.000212642,0.000212656,0.00021267,0.000212684,0.000212697}

55
{0.000210195,0.000210208,0.00021022,0.000210232,0.000210245,0.000210257,0.000210269,0.000210282,0.000210294,0.000210306,0.000210319,0.000210331,0.000210343,0.000210356,0.000210368,0.00021038,0.000210392,0.000210405,0.000210417,0.000210429,0.000210442,0.000210454,0.000210466,0.000210478,0.000210491,0.000210503,0.000210515,0.000210527,0.00021054,0.000210552,0.000210564,0.000210576,0.000210589,0.000210601,0.000210613,0.000210625,0.000210637,0.00021065,0.000210662,0.000210674,0.000210686,0.000210698,0.000210711,0.000210723,0.000210735,0.000210747,0.000210759,0.000210771,0.000210784,0.000210796,0.000210808,0.00021082,0.000210832,0.000210844,0.000210857,0.000210869,0.000210881,0.000210893,0.000210905,0.000210917,0.000210929,0.000210941,0.000210953,0.000210966,0.000210978,0.00021099,0.000211002,0.000211014,0.000211026,0.000211038,0.00021105,0.000211062,0.000211074,0.000211086,0.000211098,0.00021111,0.000211122,0.000211134,0.000211146,0.000211159,0.000211171,0.000211183,0.000211195,0.000211207,0.000211219,0.000211231,0.000211243,0.000211255,0.000211267,0.000211278,0.00021129,0.000211302,0.000211314,0.000211326,0.000211338,0.00021135,0.000211362,0.000211374,0.000211386,0.000211398,0.00021141,0.000211422,0.000211434,0.000211446,0.000211457,0.000211469,0.000211481,0.000211493,0.000211505,0.000211517,0.000211529,0.000211541,0.000211552,0.000211564,0.000211576,0.000211588,0.0002116,0.000211612,0.000211623,0.000211635,0.000211647,0.000211659,0.000211671,0.000211682,0.000211694,0.000211706,0.000211718,0.00021173,0.000211741,0.000211753,0.000211765,0.000211777,0.000211788,0.0002118,0.000211812,0.000211824,0.000211835,0.000211847,0.000211859,0.00021187,0.000211882,0.000211894,0.000211905,0.000211917,0.000211929,0.00021194,0.000211952,0.000211964,0.000211975,0.000211987,0.000211999,0.00021201}

57.5
{0.000209902,0.000209913,0.000209923,0.000209933,0.000209944,0.000209954,0.000209965,0.000209975,0.000209985,0.000209996,0.000210006,0.000210016,0.000210027,0.000210037,0.000210047,0.000210058,0.000210068,0.000210079,0.000210089,0.000210099,0.00021011,0.00021012,0.00021013,0.000210141,0.000210151,0.000210161,0.000210172,0.000210182,0.000210192,0.000210203,0.000210213,0.000210223,0.000210233,0.000210244,0.000210254,0.000210264,0.000210275,0.000210285,0.000210295,0.000210305,0.000210316,0.000210326,0.000210336,0.000210347,0.000210357,0.000210367,0.000210377,0.000210388,0.000210398,0.000210408,0.000210418,0.000210429,0.000210439,0.000210449,0.000210459,0.000210469,0.00021048,0.00021049,0.0002105,0.00021051,0.000210521,0.0,0.00020,0.,,0.000201989,0.000201996,0.000202002,0.000202009,0.000202015,0.000202022,0.000202029,0.000202035,0.000202042,0.000202049,0.000202055,0.000202062,0.000202069,0.000202076,0.000202082,0.000202089,0.000202096,0.000202102,0.000202109,0.000202116,0.000202123,0.00020213,0.000202136,0.000202143,0.00020215,0.000202157,0.000202164,0.000202171,0.000202178,0.000202184,0.000202191,0.000202198,0.000202205,0.000202212,0.000202219,0.000202226,0.000202233,0.00020224,0.000202247,0.000202254,0.000202261,0.000202268,0.000202275,0.000202282,0.000202289,0.000202296,0.000202303,0.00020231,0.000202317,0.000202324,0.000202331,0.000202339,0.000202346,0.000202353,0.00020236,0.000202367,0.000202374,0.000202382,0.000202389,0.000202396,0.000202403,0.00020241,0.000202418,0.000202425,0.000202432,0.000202439,0.000202447,0.000202454,0.000202461,0.000202468,0.000202476,0.000202483,0.00020249,0.000202498,0.000202505,0.000202512,0.00020252,0.000202527,0.000202535,0.000202542,0.000202549,0.000202557,0.000202564,0.000202572,0.000202579,0.000202587,0.000202594,0.000202602,0.000202609}

60
{0.000202657,0.000202662,0.000202667,0.000202672,0.000202677,0.000202682,0.000202687,0.000202692,0.000202697,0.000202702,0.000202707,0.000202712,0.000202717,0.000202722,0.000202728,0.000202733,0.000202738,0.000202743,0.000202748,0.000202753,0.000202758,0.000202763,0.000202768,0.000202774,0.000202779,0.000202784,0.000202789,0.000202794,0.0002028,0.000202805,0.00020281,0.000202815,0.000202821,0.000202826,0.000202831,0.000202836,0.000202842,0.000202847,0.000202852,0.000202858,0.000202863,0.000202868,0.000202874,0.000202879,0.000202884,0.00020289,0.000202895,0.000202901,0.000202906,0.000202911,0.000202917,0.000202922,0.000202928,0.000202933,0.000202939,0.000202944,0.000202949,0.000202955,0.00020296,0.000202966,0.000202971,0.000202977,0.000202983,0.000202988,0.000202994,0.000202999,0.000203005,0.00020301,0.000203016,0.000203021,0.000203027,0.000203033,0.000203038,0.000203044,0.00020305,0.000203055,0.000203061,0.000203067,0.000203072,0.000203078,0.000203084,0.000203089,0.000203095,0.000203101,0.000203107,0.000203112,0.000203118,0.000203124,0.00020313,0.000203135,0.000203141,0.000203147,0.000203153,0.000203159,0.000203164,0.00020317,0.000203176,0.000203182,0.000203188,0.000203194,0.000203199,0.000203205,0.000203211,0.000203217,0.000203223,0.000203229,0.000203235,0.000203241,0.000203247,0.000203253,0.000203259,0.000203265,0.000203271,0.000203277,0.000203283,0.000203289,0.000203295,0.000203301,0.000203307,0.000203313,0.000203319,0.000203325,0.000203331,0.000203337,0.000203343,0.000203349,0.000203355,0.000203361,0.000203367,0.000203374,0.00020338,0.000203386,0.000203392,0.000203398,0.000203404,0.00020341,0.000203417,0.000203423,0.000203429,0.000203435,0.000203441,0.000203448,0.000203454,0.00020346,0.000203466,0.000203473,0.000203479,0.000203485,0.000203492,0.000203498,0.000203504,0.00020351}

62.5
{0.000203551,0.000203555,0.000203559,0.000203564,0.000203568,0.000203572,0.000203576,0.00020358,0.000203585,0.000203589,0.000203593,0.000203597,0.000203602,0.000203606,0.00020361,0.000203615,0.000203619,0.000203623,0.000203627,0.000203632,0.000203636,0.00020364,0.000203645,0.000203649,0.000203654,0.000203658,0.000203662,0.000203667,0.000203671,0.000203675,0.00020368,0.000203684,0.000203689,0.000203693,0.000203698,0.000203702,0.000203706,0.000203711,0.000203715,0.00020372,0.000203724,0.000203729,0.000203733,0.000203738,0.000203742,0.000203747,0.000203751,0.000203756,0.000203761,0.000203765,0.00020377,0.000203774,0.000203779,0.000203783,0.000203788,0.000203793,0.000203797,0.000203802,0.000203807,0.000203811,0.000203816,0.00020382,0.000203825,0.00020383,0.000203834,0.000203839,0.000203844,0.000203849,0.000203853,0.000203858,0.000203863,0.000203867,0.000203872,0.000203877,0.000203882,0.000203886,0.000203891,0.000203896,0.000203901,0.000203906,0.00020391,0.000203915,0.00020392,0.000203925,0.00020393,0.000203934,0.000203939,0.000203944,0.000203949,0.000203954,0.000203959,0.000203964,0.000203968,0.000203973,0.000203978,0.000203983,0.000203988,0.000203993,0.000203998,0.000204003,0.000204008,0.000204013,0.000204018,0.000204023,0.000204028,0.000204033,0.000204038,0.000204043,0.000204048,0.000204053,0.000204058,0.000204063,0.000204068,0.000204073,0.000204078,0.000204083,0.000204088,0.000204093,0.000204098,0.000204103,0.000204108,0.000204113,0.000204119,0.000204124,0.000204129,0.000204134,0.000204139,0.000204144,0.000204149,0.000204155,0.00020416,0.000204165,0.00020417,0.000204175,0.00020418,0.000204186,0.000204191,0.000204196,0.000204201,0.000204207,0.000204212,0.000204217,0.000204222,0.000204228,0.000204233,0.000204238,0.000204243,0.000204249,0.000204254,0.000204259,0.000204265,0.00020427}

65
{0.000204304,0.000204308,0.000204311,0.000204315,0.000204318,0.000204322,0.000204325,0.000204329,0.000204332,0.000204336,0.00020434,0.000204343,0.000204347,0.00020435,0.000204354,0.000204358,0.000204361,0.000204365,0.000204368,0.000204372,0.000204376,0.000204379,0.000204383,0.000204387,0.00020439,0.000204394,0.000204398,0.000204402,0.000204405,0.000204409,0.000204413,0.000204416,0.00020442,0.000204424,0.000204428,0.000204431,0.000204435,0.000204439,0.000204443,0.000204446,0.00020445,0.000204454,0.000204458,0.000204462,0.000204465,0.000204469,0.000204473,0.000204477,0.000204481,0.000204484,0.000204488,0.000204492,0.000204496,0.0002045,0.000204504,0.000204508,0.000204512,0.000204515,0.000204519,0.000204523,0.000204527,0.000204531,0.000204535,0.000204539,0.000204543,0.000204547,0.000204551,0.000204555,0.000204559,0.000204563,0.000204567,0.000204571,0.000204575,0.000204579,0.000204583,0.000204587,0.000204591,0.000204595,0.000204599,0.000204603,0.000204607,0.000204611,0.000204615,0.000204619,0.000204623,0.000204627,0.000204631,0.000204635,0.000204639,0.000204643,0.000204648,0.000204652,0.000204656,0.00020466,0.000204664,0.000204668,0.000204672,0.000204677,0.000204681,0.000204685,0.000204689,0.000204693,0.000204697,0.000204702,0.000204706,0.00020471,0.000204714,0.000204718,0.000204723,0.000204727,0.000204731,0.000204735,0.00020474,0.000204744,0.000204748,0.000204752,0.000204757,0.000204761,0.000204765,0.000204769,0.000204774,0.000204778,0.000204782,0.000204787,0.000204791,0.000204795,0.0002048,0.000204804,0.000204808,0.000204813,0.000204817,0.000204821,0.000204826,0.00020483,0.000204834,0.000204839,0.000204843,0.000204848,0.000204852,0.000204856,0.000204861,0.000204865,0.00020487,0.000204874,0.000204879,0.000204883,0.000204887,0.000204892,0.000204896,0.000204901,0.000204905,0.00020491}

67.5
{0.000204939,0.000204942,0.000204945,0.000204948,0.000204951,0.000204953,0.000204956,0.000204959,0.000204962,0.000204965,0.000204969,0.000204972,0.000204975,0.000204978,0.000204981,0.000204984,0.000204987,0.00020499,0.000204993,0.000204996,0.000204999,0.000205002,0.000205005,0.000205008,0.000205011,0.000205014,0.000205018,0.000205021,0.000205024,0.000205027,0.00020503,0.000205033,0.000205036,0.000205039,0.000205043,0.000205046,0.000205049,0.000205052,0.000205055,0.000205058,0.000205062,0.000205065,0.000205068,0.000205071,0.000205074,0.000205078,0.000205081,0.000205084,0.000205087,0.000205091,0.000205094,0.000205097,0.0002051,0.000205104,0.000205107,0.00020511,0.000205113,0.000205117,0.00020512,0.000205123,0.000205127,0.00020513,0.000205133,0.000205136,0.00020514,0.000205143,0.000205146,0.00020515,0.000205153,0.000205156,0.00020516,0.000205163,0.000205167,0.00020517,0.000205173,0.000205177,0.00020518,0.000205183,0.000205187,0.00020519,0.000205194,0.000205197,0.0002052,0.000205204,0.000205207,0.000205211,0.000205214,0.000205218,0.000205221,0.000205225,0.000205228,0.000205231,0.000205235,0.000205238,0.000205242,0.000205245,0.000205249,0.000205252,0.000205256,0.000205259,0.000205263,0.000205266,0.00020527,0.000205273,0.000205277,0.000205281,0.000205284,0.000205288,0.000205291,0.000205295,0.000205298,0.000205302,0.000205305,0.000205309,0.000205313,0.000205316,0.00020532,0.000205323,0.000205327,0.000205331,0.000205334,0.000205338,0.000205341,0.000205345,0.000205349,0.000205352,0.000205356,0.00020536,0.000205363,0.000205367,0.000205371,0.000205374,0.000205378,0.000205382,0.000205385,0.000205389,0.000205393,0.000205397,0.0002054,0.000205404,0.00020540.00,0.000,0.000211191,0.000211195,0.000211199,0.000211203,0.000211206,0.00021121,0.000211214,0.000211218}

70
{0.000210239,0.000210243,0.000210246,0.00021025,0.000210254,0.000210258,0.000210261,0.000210265,0.000210269,0.000210273,0.000210276,0.00021028,0.000210284,0.000210287,0.000210291,0.000210295,0.000210298,0.000210302,0.000210306,0.00021031,0.000210313,0.000210317,0.000210321,0.000210324,0.000210328,0.000210332,0.000210335,0.000210339,0.000210343,0.000210346,0.00021035,0.000210353,0.000210357,0.000210361,0.000210364,0.000210368,0.000210372,0.000210375,0.000210379,0.000210382,0.000210386,0.00021039,0.000210393,0.000210397,0.0002104,0.000210404,0.000210408,0.000210411,0.000210415,0.000210418,0.000210422,0.000210426,0.000210429,0.000210433,0.000210436,0.00021044,0.000210443,0.000210447,0.00021045,0.000210454,0.000210458,0.000210461,0.000210465,0.000210468,0.000210472,0.000210475,0.000210479,0.000210482,0.000210486,0.000210489,0.000210493,0.000210496,0.0002105,0.000210503,0.000210507,0.00021051,0.000210514,0.000210517,0.000210521,0.000210524,0.000210528,0.000210531,0.000210534,0.000210538,0.000210541,0.000210545,0.000210548,0.000210552,0.000210555,0.000210559,0.000210562,0.000210565,0.000210569,0.000210572,0.000210576,0.000210579,0.000210582,0.000210586,0.000210589,0.000210593,0.000210596,0.000210599,0.000210603,0.000210606,0.00021061,0.000210613,0.000210616,0.00021062,0.000210623,0.000210626,0.00021063,0.000210633,0.000210636,0.00021064,0.000210643,0.000210646,0.00021065,0.000210653,0.000210656,0.00021066,0.000210663,0.000210666,0.00021067,0.000210673,0.000210676,0.000210679,0.000210683,0.000210686,0.000210689,0.000210693,0.000210696,0.000210699,0.000210702,0.000210706,0.000210709,0.000210712,0.000210715,0.000210719,0.000210722,0.000210725,0.000210728,0.000210732,0.000210735,0.000210738,0.000210741,0.000210744,0.000210748,0.000210751,0.000210754,0.000210757,0.00021076,0.000210764}

72.5
{0.000209939,0.000209942,0.000209945,0.000209948,0.000209952,0.000209955,0.000209958,0.000209961,0.000209964,0.000209967,0.00020997,0.000209973,0.000209977,0.00020998,0.000209983,0.000209986,0.000209989,0.000209992,0.000209995,0.000209998,0.000210001,0.000210005,0.000210008,0.000210011,0.000210014,0.000210017,0.00021002,0.000210023,0.000210026,0.000210029,0.000210032,0.000210035,0.000210038,0.000210041,0.000210045,0.000210048,0.000210051,0.000210054,0.000210057,0.00021006,0.000210063,0.000210066,0.000210069,0.000210072,0.000210075,0.000210078,0.000210081,0.000210084,0.000210087,0.00021009,0.000210093,0.000210096,0.000210099,0.000210102,0.000210105,0.000210108,0.000210111,0.000210114,0.000210117,0.00021012,0.000210123,0.000210126,0.000210129,0.000210132,0.000210135,0.000210138,0.000210141,0.000210144,0.000210147,0.00021015,0.000210153,0.000210156,0.000210159,0.000210162,0.000210164,0.000210167,0.00021017,0.000210173,0.000210176,0.000210179,0.000210182,0.000210185,0.000210188,0.000210191,0.000210194,0.000210197,0.000210199,0.000210202,0.000210205,0.000210208,0.000210211,0.000210214,0.000210217,0.00021022,0.000210223,0.000210225,0.000210228,0.000210231,0.000210234,0.000210237,0.00021024,0.000210243,0.000210245,0.000210248,0.000210251,0.000210254,0.000210257,0.00021026,0.000210262,0.000210265,0.000210268,0.000210271,0.000210274,0.000210277,0.000210279,0.000210282,0.000210285,0.000210288,0.000210291,0.000210293,0.000210296,0.000210299,0.000210302,0.000210304,0.000210307,0.00021031,0.000210313,0.000210316,0.000210318,0.000210321,0.000210324,0.000210327,0.000210329,0.000210332,0.000210335,0.000210338,0.00021034,0.000210343,0.000210346,0.000210348,0.000210351,0.000210354,0.000210357,0.000210359,0.000210362,0.000210365,0.000210367,0.00021037,0.000210373,0.000210376,0.000210378,0.000210381}

75
{0.000209686,0.000209689,0.000209691,0.000209694,0.000209697,0.000209699,0.000209702,0.000209705,0.000209707,0.00020971,0.000209713,0.000209715,0.000209718,0.00020972,0.000209723,0.000209726,0.000209728,0.000209731,0.000209734,0.000209736,0.000209739,0.000209741,0.000209744,0.000209747,0.000209749,0.000209752,0.000209754,0.000209757,0.00020976,0.000209762,0.000209765,0.000209767,0.00020977,0.000209773,0.000209775,0.000209778,0.00020978,0.000209783,0.000209785,0.000209788,0.00020979,0.000209793,0.000209796,0.000209798,0.000209801,0.000209803,0.000209806,0.000209808,0.000209811,0.000209813,0.000209816,0.000209819,0.000209821,0.000209824,0.000209826,0.000209829,0.000209831,0.000209834,0.000209836,0.000209839,0.000209841,0.000209844,0.000209846,0.000209849,0.000209851,0.000209854,0.000209856,0.000209859,0.000209861,0.000209864,0.000209866,0.000209869,0.000209871,0.000209874,0.000209876,0.000209879,0.000209881,0.000209884,0.000209886,0.000209888,0.000209891,0.000209893,0.000209896,0.000209898,0.000209901,0.000209903,0.000209906,0.000209908,0.00020991,0.000209913,0.000209915,0.000209918,0.00020992,0.000209923,0.000209925,0.000209927,0.00020993,0.000209932,0.000209935,0.000209937,0.00020994,0.000209942,0.000209944,0.000209947,0.000209949,0.000209952,0.000209954,0.000209956,0.000209959,0.000209961,0.000209963,0.000209966,0.000209968,0.000209971,0.000209973,0.000209975,0.000209978,0.00020998,0.000209982,0.000209985,0.000209987,0.000209989,0.000209992,0.000209994,0.000209996,0.000209999,0.000210001,0.000210003,0.000210006,0.000210008,0.00021001,0.000210013,0.000210015,0.000210017,0.00021002,0.000210022,0.000210024,0.000210027,0.000210029,0.000210031,0.000210033,0.000210036,0.000210038,0.00021004,0.000210043,0.000210045,0.000210047,0.000210049,0.000210052,0.000210054,0.000210056,0.000210058}

77.5
{0.000209473,0.000209475,0.000209478,0.00020948,0.000209482,0.000209484,0.000209486,0.000209489,0.000209491,0.000209493,0.000209495,0.000209498,0.0002095,0.000209502,0.000209504,0.000209506,0.000209509,0.000209511,0.000209513,0.000209515,0.000209517,0.00020952,0.000209522,0.000209524,0.000209526,0.000209528,0.000209531,0.000209533,0.000209535,0.000209537,0.000209539,0.000209542,0.000209544,0.000209546,0.000209548,0.00020955,0.000209552,0.000209555,0.000209557,0.000209559,0.000209561,0.000209563,0.000209565,0.000209567,0.00020957,0.000209572,0.000209574,0.000209576,0.000209578,0.00020958,0.000209583,0.000209585,0.000209587,0.000209589,0.000209591,0.000209593,0.000209595,0.000209597,0.0002096,0.000209602,0.000209604,0.000209606,0.000209608,0.00020961,0.000209612,0.000209614,0.000209616,0.000209619,0.000209621,0.000209623,0.000209625,0.000209627,0.000209629,0.000209631,0.000209633,0.000209635,0.000209637,0.000209639,0.000209641,0.000209644,0.000209646,0.000209648,0.00020965,0.000209652,0.000209654,0.000209656,0.000209658,0.00020966,0.000209662,0.000209664,0.000209666,0.000209668,0.00020967,0.000209672,0.000209674,0.000209676,0.000209678,0.000209681,0.000209683,0.000209685,0.000209687,0.000209689,0.000209691,0.000209693,0.000209695,0.000209697,0.000209699,0.000209701,0.000209703,0.000209705,0.000209707,0.000209709,0.000209711,0.000209713,0.000209715,0.000209717,0.000209719,0.000209721,0.000209723,0.000209725,0.000209727,0.000209729,0.000209731,0.000209733,0.000209735,0.000209736,0.000209738,0.00020974,0.000209742,0.000209744,0.000209746,0.000209748,0.00020975,0.000209752,0.000209754,0.000209756,0.000209758,0.00020976,0.000209762,0.000209764,0.000209766,0.000209768,0.00020977,0.000209771,0.000209773,0.000209775,0.000209777,0.000209779,0.000209781,0.000209783,0.000209785,0.000209787}

80
{0.000209294,0.000209295,0.000209297,0.000209299,0.000209301,0.000209303,0.000209305,0.000209307,0.000209309,0.000209311,0.000209312,0.000209314,0.000209316,0.000209318,0.00020932,0.000209322,0.000209324,0.000209325,0.000209327,0.000209329,0.000209331,0.000209333,0.000209335,0.000209337,0.000209338,0.00020934,0.000209342,0.000209344,0.000209346,0.000209348,0.000209349,0.000209351,0.000209353,0.000209355,0.000209357,0.000209359,0.00020936,0.000209362,0.000209364,0.000209366,0.000209368,0.00020937,0.000209371,0.000209373,0.000209375,0.000209377,0.000209379,0.00020938,0.000209382,0.000209384,0.000209386,0.000209388,0.000209389,0.000209391,0.000209393,0.000209395,0.000209397,0.000209398,0.0002094,0.000209402,0.000209404,0.000209405,0.000209407,0.000209409,0.000209411,0.000209413,0.000209414,0.000209416,0.0002090.000,0.000209,0.000208184,0,0.000208519,0.000208517,0.000208514,0.000208512,0.00020851,0.000208508,0.000208505,0.000208503,0.000208501,0.000208499,0.000208496,0.000208494,0.000208492,0.00020849,0.000208487,0.000208485,0.000208483,0.000208481,0.000208478,0.000208476,0.000208474,0.000208471,0.000208469,0.000208467,0.000208465,0.000208462,0.00020846,0.000208458,0.000208456,0.000208453,0.000208451,0.000208449,0.000208447,0.000208444,0.000208442,0.00020844,0.000208438,0.000208435,0.000208433,0.000208431,0.000208428,0.000208426,0.000208424,0.000208422,0.000208419,0.000208417,0.000208415,0.000208413,0.00020841,0.000208408,0.000208406,0.000208404,0.000208401,0.000208399,0.000208397,0.000208395,0.000208392,0.00020839,0.000208388,0.000208385,0.000208383,0.000208381,0.000208379,0.000208376,0.000208374,0.000208372,0.00020837,0.000208367,0.000208365,0.000208363,0.000208361,0.000208358,0.000208356,0.000208354,0.000208351,0.000208349,0.000208347,0.000208345,0.000208342,0.00020834,0.000208338,0.000208336,0.000208333}

82.5
{0.00020862,0.000208618,0.000208616,0.000208614,0.000208612,0.00020861,0.000208609,0.000208607,0.000208605,0.000208603,0.000208601,0.000208599,0.000208597,0.000208595,0.000208594,0.000208592,0.00020859,0.000208588,0.000208586,0.000208584,0.000208582,0.00020858,0.000208579,0.000208577,0.000208575,0.000208573,0.000208571,0.000208569,0.000208567,0.000208565,0.000208563,0.000208562,0.00020856,0.000208558,0.000208556,0.000208554,0.000208552,0.00020855,0.000208548,0.000208546,0.000208545,0.000208543,0.000208541,0.000208539,0.000208537,0.000208535,0.000208533,0.000208531,0.000208529,0.000208528,0.000208526,0.000208524,0.000208522,0.00020852,0.000208518,0.000208516,0.000208514,0.000208512,0.000208511,0.000208509,0.000208507,0.000208505,0.000208503,0.000208501,0.000208499,0.000208497,0.000208495,0.000208493,0.000208492,0.00020849,0.000208488,0.000208486,0.000208484,0.000208482,0.00020848,0.000208478,0.000208476,0.000208474,0.000208473,0.000208471,0.000208469,0.000208467,0.000208465,0.000208463,0.000208461,0.000208459,0.000208457,0.000208455,0.000208454,0.000208452,0.00020845,0.000208448,0.000208446,0.000208444,0.000208442,0.00020844,0.000208438,0.000208436,0.000208434,0.000208433,0.000208431,0.000208429,0.000208427,0.000208425,0.000208423,0.000208421,0.000208419,0.000208417,0.000208415,0.000208414,0.000208412,0.00020841,0.000208408,0.000208406,0.000208404,0.000208402,0.0002084,0.000208398,0.000208396,0.000208394,0.000208393,0.000208391,0.000208389,0.000208387,0.000208385,0.000208383,0.000208381,0.000208379,0.000208377,0.000208375,0.000208373,0.000208372,0.00020837,0.000208368,0.000208366,0.000208364,0.000208362,0.00020836,0.000208358,0.000208356,0.000208354,0.000208352,0.000208351,0.000208349,0.000208347,0.000208345,0.000208343,0.000208341,0.000208339,0.000208337,0.000208335,0.000208333}

85
{0.000208575,0.000208573,0.000208572,0.00020857,0.000208568,0.000208567,0.000208565,0.000208564,0.000208562,0.000208561,0.000208559,0.000208557,0.000208556,0.000208554,0.000208553,0.000208551,0.000208549,0.000208548,0.000208546,0.000208545,0.000208543,0.000208542,0.00020854,0.000208538,0.000208537,0.000208535,0.000208534,0.000208532,0.00020853,0.000208529,0.000208527,0.000208526,0.000208524,0.000208522,0.000208521,0.000208519,0.000208518,0.000208516,0.000208515,0.000208513,0.000208511,0.00020851,0.000208508,0.000208507,0.000208505,0.000208503,0.000208502,0.0002085,0.000208499,0.000208497,0.000208495,0.000208494,0.000208492,0.000208491,0.000208489,0.000208487,0.000208486,0.000208484,0.000208483,0.000208481,0.000208479,0.000208478,0.000208476,0.000208475,0.000208473,0.000208471,0.00020847,0.000208468,0.000208467,0.000208465,0.000208463,0.000208462,0.00020846,0.000208459,0.000208457,0.000208455,0.000208454,0.000208452,0.000208451,0.000208449,0.000208447,0.000208446,0.000208444,0.000208443,0.000208441,0.000208439,0.000208438,0.000208436,0.000208435,0.000208433,0.000208431,0.00020843,0.000208428,0.000208427,0.000208425,0.000208423,0.000208422,0.00020842,0.000208419,0.000208417,0.000208415,0.000208414,0.000208412,0.000208411,0.000208409,0.000208407,0.000208406,0.000208404,0.000208402,0.000208401,0.000208399,0.000208398,0.000208396,0.000208394,0.000208393,0.000208391,0.00020839,0.000208388,0.000208386,0.000208385,0.000208383,0.000208382,0.00020838,0.000208378,0.000208377,0.000208375,0.000208374,0.000208372,0.00020837,0.000208369,0.000208367,0.000208366,0.000208364,0.000208362,0.000208361,0.000208359,0.000208357,0.000208356,0.000208354,0.000208353,0.000208351,0.000208349,0.000208348,0.000208346,0.000208345,0.000208343,0.000208341,0.00020834,0.000208338,0.000208337,0.000208335,0.000208333}

87.5
{0.000208537,0.000208535,0.000208534,0.000208533,0.000208531,0.00020853,0.000208529,0.000208527,0.000208526,0.000208525,0.000208523,0.000208522,0.000208521,0.000208519,0.000208518,0.000208517,0.000208515,0.000208514,0.000208513,0.000208511,0.00020851,0.000208509,0.000208507,0.000208506,0.000208505,0.000208503,0.000208502,0.000208501,0.000208499,0.000208498,0.000208497,0.000208495,0.000208494,0.000208493,0.000208491,0.00020849,0.000208489,0.000208487,0.000208486,0.000208485,0.000208483,0.000208482,0.000208481,0.000208479,0.000208478,0.000208477,0.000208475,0.000208474,0.000208473,0.000208471,0.00020847,0.000208469,0.000208467,0.000208466,0.000208464,0.000208463,0.000208462,0.00020846,0.000208459,0.000208458,0.000208456,0.000208455,0.000208454,0.000208452,0.000208451,0.00020845,0.000208448,0.000208447,0.000208446,0.000208444,0.000208443,0.000208442,0.00020844,0.000208439,0.000208438,0.000208436,0.000208435,0.000208434,0.000208432,0.000208431,0.000208429,0.000208428,0.000208427,0.000208425,0.000208424,0.000208423,0.000208421,0.00020842,0.000208419,0.000208417,0.000208416,0.000208415,0.000208413,0.000208412,0.000208411,0.000208409,0.000208408,0.000208406,0.000208405,0.000208404,0.000208402,0.000208401,0.0002084,0.000208398,0.000208397,0.000208396,0.000208394,0.000208393,0.000208392,0.00020839,0.000208389,0.000208388,0.000208386,0.000208385,0.000208383,0.000208382,0.000208381,0.000208379,0.000208378,0.000208377,0.000208375,0.000208374,0.000208373,0.000208371,0.00020837,0.000208369,0.000208367,0.000208366,0.000208365,0.000208363,0.000208362,0.00020836,0.000208359,0.000208358,0.000208356,0.000208355,0.000208354,0.000208352,0.000208351,0.00020835,0.000208348,0.000208347,0.000208346,0.000208344,0.000208343,0.000208341,0.00020834,0.000208339,0.000208337,0.000208336,0.000208335,0.000208333}

90
{0.000208505,0.000208504,0.000208502,0.000208501,0.0002085,0.000208499,0.000208498,0.000208497,0.000208496,0.000208495,0.000208493,0.000208492,0.000208491,0.00020849,0.000208489,0.000208488,0.000208487,0.000208486,0.000208484,0.000208483,0.000208482,0.000208481,0.00020848,0.000208479,0.000208478,0.000208477,0.000208475,0.000208474,0.000208473,0.000208472,0.000208471,0.00020847,0.000208469,0.000208468,0.000208466,0.000208465,0.000208464,0.000208463,0.000208462,0.000208461,0.00020846,0.000208459,0.000208457,0.000208456,0.000208455,0.000208454,0.000208453,0.000208452,0.000208451,0.00020845,0.000208448,0.000208447,0.000208446,0.000208445,0.000208444,0.000208443,0.000208442,0.00020844,0.000208439,0.000208438,0.000208437,0.000208436,0.000208435,0.000208434,0.000208432,0.000208431,0.00020843,0.000208429,0.000208428,0.000208427,0.000208426,0.000208425,0.000208423,0.000208422,0.000208421,0.00020842,0.000208419,0.000208418,0.000208417,0.000208415,0.000208414,0.000208413,0.000208412,0.000208411,0.00020841,0.000208409,0.000208407,0.000208406,0.000208405,0.000208404,0.000208403,0.000208402,0.000208401,0.0002084,0.000208398,0.000208397,0.000208396,0.000208395,0.000208394,0.000208393,0.000208392,0.00020839,0.000208389,0.000208388,0.000208387,0.000208386,0.000208385,0.000208384,0.000208382,0.000208381,0.00020838,0.000208379,0.000208378,0.000208377,0.000208376,0.000208374,0.000208373,0.000208372,0.000208371,0.00020837,0.000208369,0.000208368,0.000208366,0.000208365,0.000208364,0.000208363,0.000208362,0.000208361,0.00020836,0.000208358,0.000208357,0.000208356,0.000208355,0.000208354,0.000208353,0.000208352,0.00020835,0.000208349,0.000208348,0.000208347,0.000208346,0.000208345,0.000208344,0.000208342,011,0.000207711,0.0002,0.000207477,0.000207477,0.000207477,0.000207477,0.000207477}

92.5
{0.000207598,0.000207598,0.000207598,0.000207598,0.000207598,0.000207598,0.000207598,0.000207598,0.000207598,0.000207598,0.000207598,0.000207598,0.000207598,0.000207598,0.000207598,0.000207598,0.000207598,0.000207598,0.000207598,0.000207598,0.000207598,0.000207598,0.000207598,0.000207598,0.000207598,0.000207598,0.000207598,0.000207599,0.000207599,0.000207599,0.000207599,0.000207599,0.000207599,0.000207599,0.000207599,0.000207599,0.000207599,0.000207599,0.000207599,0.000207599,0.000207599,0.000207599,0.000207599,0.000207599,0.000207599,0.000207599,0.000207599,0.000207599,0.000207599,0.0002076,0.0002076,0.0002076,0.0002076,0.0002076,0.0002076,0.0002076,0.0002076,0.0002076,0.0002076,0.0002076,0.0002076,0.0002076,0.0002076,0.000207601,0.000207601,0.000207601,0.000207601,0.000207601,0.000207601,0.000207601,0.000207601,0.000207601,0.000207601,0.000207601,0.000207601,0.000207602,0.000207602,0.000207602,0.000207602,0.000207602,0.000207602,0.000207602,0.000207602,0.000207602,0.000207602,0.000207603,0.000207603,0.000207603,0.000207603,0.000207603,0.000207603,0.000207603,0.000207603,0.000207603,0.000207604,0.000207604,0.000207604,0.000207604,0.000207604,0.000207604,0.000207604,0.000207604,0.000207605,0.000207605,0.000207605,0.000207605,0.000207605,0.000207605,0.000207605,0.000207605,0.000207606,0.000207606,0.000207606,0.000207606,0.000207606,0.000207606,0.000207606,0.000207607,0.000207607,0.000207607,0.000207607,0.000207607,0.000207607,0.000207607,0.000207608,0.000207608,0.000207608,0.000207608,0.000207608,0.000207608,0.000207609,0.000207609,0.000207609,0.000207609,0.000207609,0.000207609,0.00020761,0.00020761,0.00020761,0.00020761,0.00020761,0.00020761,0.000207611,0.000207611,0.000207611,0.000207611,0.000207611,0.000207611,0.000207612,0.000207612,0.000207612,0.000207612}

95
{0.000207714,0.000207714,0.000207714,0.000207714,0.000207714,0.000207714,0.000207714,0.000207714,0.000207714,0.000207714,0.000207714,0.000207714,0.000207714,0.000207714,0.000207714,0.000207714,0.000207714,0.000207714,0.000207714,0.000207714,0.000207714,0.000207714,0.000207714,0.000207714,0.000207714,0.000207714,0.000207714,0.000207714,0.000207714,0.000207714,0.000207714,0.000207714,0.000207714,0.000207714,0.000207714,0.000207714,0.000207715,0.000207715,0.000207715,0.000207715,0.000207715,0.000207715,0.000207715,0.000207715,0.000207715,0.000207715,0.000207715,0.000207715,0.000207715,0.000207715,0.000207715,0.000207715,0.000207715,0.000207715,0.000207715,0.000207715,0.000207715,0.000207716,0.000207716,0.000207716,0.000207716,0.000207716,0.000207716,0.000207716,0.000207716,0.000207716,0.000207716,0.000207716,0.000207716,0.000207716,0.000207716,0.000207716,0.000207717,0.000207717,0.000207717,0.000207717,0.000207717,0.000207717,0.000207717,0.000207717,0.000207717,0.000207717,0.000207717,0.000207717,0.000207718,0.000207718,0.000207718,0.000207718,0.000207718,0.000207718,0.000207718,0.000207718,0.000207718,0.000207718,0.000207718,0.000207719,0.000207719,0.000207719,0.000207719,0.000207719,0.000207719,0.000207719,0.000207719,0.000207719,0.000207719,0.00020772,0.00020772,0.00020772,0.00020772,0.00020772,0.00020772,0.00020772,0.00020772,0.000207721,0.000207721,0.000207721,0.000207721,0.000207721,0.000207721,0.000207721,0.000207721,0.000207722,0.000207722,0.000207722,0.000207722,0.000207722,0.000207722,0.000207722,0.000207722,0.000207723,0.000207723,0.000207723,0.000207723,0.000207723,0.000207723,0.000207723,0.000207724,0.000207724,0.000207724,0.000207724,0.000207724,0.000207724,0.000207724,0.000207725,0.000207725,0.000207725,0.000207725,0.000207725,0.000207725,0.000207725,0.000207726,0.000207726}

97.5
{0.000207811,0.000207811,0.000207811,0.000207811,0.000207811,0.000207811,0.000207811,0.000207811,0.000207811,0.000207811,0.000207811,0.000207811,0.000207811,0.000207811,0.000207811,0.000207812,0.000207812,0.000207812,0.000207812,0.000207812,0.000207812,0.000207812,0.000207812,0.000207812,0.000207812,0.000207812,0.000207812,0.000207812,0.000207812,0.000207812,0.000207812,0.000207812,0.000207812,0.000207812,0.000207812,0.000207812,0.000207812,0.000207812,0.000207812,0.000207812,0.000207812,0.000207812,0.000207812,0.000207812,0.000207812,0.000207812,0.000207812,0.000207812,0.000207812,0.000207812,0.000207812,0.000207813,0.000207813,0.000207813,0.000207813,0.000207813,0.000207813,0.000207813,0.000207813,0.000207813,0.000207813,0.000207813,0.000207813,0.000207813,0.000207813,0.000207813,0.000207813,0.000207813,0.000207813,0.000207813,0.000207814,0.000207814,0.000207814,0.000207814,0.000207814,0.000207814,0.000207814,0.000207814,0.000207814,0.000207814,0.000207814,0.000207814,0.000207814,0.000207814,0.000207814,0.000207815,0.000207815,0.000207815,0.000207815,0.000207815,0.000207815,0.000207815,0.000207815,0.000207815,0.000207815,0.000207815,0.000207815,0.000207816,0.000207816,0.000207816,0.000207816,0.000207816,0.000207816,0.000207816,0.000207816,0.000207816,0.000207816,0.000207816,0.000207817,0.000207817,0.000207817,0.000207817,0.000207817,0.000207817,0.000207817,0.000207817,0.000207817,0.000207817,0.000207818,0.000207818,0.000207818,0.000207818,0.000207818,0.000207818,0.000207818,0.000207818,0.000207818,0.000207819,0.000207819,0.000207819,0.000207819,0.000207819,0.000207819,0.000207819,0.000207819,0.000207819,0.00020782,0.00020782,0.00020782,0.00020782,0.00020782,0.00020782,0.00020782,0.00020782,0.000207821,0.000207821,0.000207821,0.000207821,0.000207821,0.000207821,0.000207821,0.000207821}

100
{0.000207894,0.000207894,0.000207894,0.000207894,0.000207894,0.000207894,0.000207894,0.000207894,0.000207894,0.000207894,0.000207894,0.000207894,0.000207894,0.000207894,0.000207894,0.000207894,0.000207894,0.000207894,0.000207894,0.000207894,0.000207894,0.000207894,0.000207894,0.000207894,0.000207894,0.000207894,0.000207894,0.000207894,0.000207894,0.000207894,0.000207894,0.000207894,0.000207894,0.000207894,0.000207894,0.000207894,0.000207894,0.000207894,0.000207894,0.000207894,0.000207894,0.000207894,0.000207894,0.000207894,0.000207894,0.000207894,0.000207894,0.000207894,0.000207894,0.000207894,0.000207895,0.000207895,0.000207895,0.000207895,0.000207895,0.000207895,0.000207895,0.000207895,0.000207895,0.000207895,0.000207895,0.000207895,0.000207895,0.000207895,0.000207895,0.000207895,0.000207895,0.000207895,0.000207895,0.000207895,0.000207895,0.000207895,0.000207896,0.000207896,0.000207896,0.000207896,0.000207896,0.000207896,0.000207896,0.000207896,0.000207896,0.000207896,0.000207896,0.000207896,0.000207896,0.000207896,0.000207896,0.000207896,0.000207896,0.000207897,0.000207897,0.000207897,0.000207897,0.000207897,0.000207897,0.000207897,0.000207897,0.000207897,0.000207897,0.000207897,0.000207897,0.000207897,0.000207897,0.000207898,0.000207898,0.000207898,0.000207898,0.000207898,0.000207898,0.000207898,0.000207898,0.000207898,0.000207898,0.000207898,0.000207898,0.000207898,0.000207899,0.000207899,0.000207899,0.000207899,0.000207899,0.000207899,0.000207899,0.000207899,0.000207899,0.000207899,0.000207899,0.0002079,0.0002079,0.0002079,0.0002079,0.0002079,0.0002079,0.0002079,0.0002079,0.0002079,0.0002079,0.000207901,0.000207901,0.000207901,0.000207901,0.000207901,0.000207901,0.000207901,0.000207901,0.000207901,0.000207902,0.000207902,0.000207902,0.000207902,0.000207902,0.000207902}

00208773,0.000208773,0.000208773}

00208578}

27,0.000207927,0.000207927}

